[Acc parameters]
alpha_1=-0.000021
alpha_2=0.003680
alpha_3=-0.001251
b_ax=0.111551
b_ay=0.168726
b_az=0.105088
s_ax=0.999561
s_ay=0.999864
s_az=0.983482
[Gyro parameters]
b_gx=-0.0251594 
b_gy=-0.00284785
b_gz=-0.00594974
[Mag parameters]
b_mx=-3.111196
b_my=10.101556
b_mz=-1.041641
gamma_1=-0.074713
gamma_2=-0.000999
gamma_3=0.155177
gamma_4=0.001196
gamma_5=-0.064116
gamma_6=-0.009590
s_mx=0.953399
s_my=1.049227
s_mz=1.000000
